[
  [
    0.99999994,
    -3.0733645e-8,
    1.1920929e-7,
    0.0,
    1.3969839e-8,
    0.9999999,
    -5.401671e-8,
    0.0,
    -2.9802322e-8,
    -6.146729e-8,
    1.0,
    0.0,
    0.0,
    0.0,
    0.0,
    1.0
  ],
  [
    0.93300253,
    -0.17405903,
    0.31497726,
    -0.0,
    0.19124721,
    0.9812426,
    -0.02425471,
    0.0,
    -0.3048473,
    0.08286828,
    0.9487891,
    0.0,
    0.0161685,
    -0.06588976,
    -0.0347206,
    1.0
  ],
  [
    -0.9729682,
    -0.16686933,
    -0.15965065,
    0.0,
    0.22058374,
    -0.87620515,
    -0.42849514,
    0.0,
    -0.06838372,
    -0.45212778,
    0.88932824,
    0.0,
    -0.025626114,
    0.07018802,
    -0.015011435,
    1.0
  ],
  [
    -0.9729683,
    -0.16686909,
    -0.15965077,
    0.0,
    0.22058363,
    -0.8762051,
    -0.42849502,
    0.0,
    -0.06838399,
    -0.45212767,
    0.8893285,
    0.0,
    -0.025626108,
    0.070188046,
    -0.015011424,
    1.0
  ],
  [
    -0.9729681,
    -0.16686904,
    -0.15965092,
    0.0,
    0.22058362,
    -0.8762052,
    -0.428495,
    0.0,
    -0.0683842,
    -0.45212755,
    0.88932836,
    0.0,
    -0.02562612,
    0.07018804,
    -0.015011445,
    1.0
  ],
  [
    -0.26846686,
    0.09336105,
    0.9587542,
    0.0,
    -0.6162487,
    -0.7816238,
    -0.09644684,
    0.0,
    0.74038094,
    -0.6167234,
    0.2673735,
    0.0,
    0.012748285,
    -0.013431974,
    0.037393313,
    1.0
  ],
  [
    -0.2684674,
    0.43776485,
    0.85807216,
    0.0,
    -0.6162487,
    -0.7626958,
    0.19629928,
    0.0,
    0.74038106,
    -0.47608548,
    0.47453043,
    0.0,
    0.01274829,
    -0.037505504,
    0.054930236,
    1.0
  ],
  [
    -0.26846737,
    0.53674895,
    0.7998914,
    0.0,
    -0.6162482,
    -0.7339226,
    0.28565094,
    0.0,
    0.7403813,
    -0.41624346,
    0.52780426,
    0.0,
    0.012748327,
    -0.052699126,
    0.061638236,
    1.0
  ],
  [
    -0.9729681,
    -0.16686931,
    -0.15965082,
    0.0,
    0.22058384,
    -0.8762052,
    -0.42849475,
    0.0,
    -0.06838403,
    -0.4521275,
    0.8893284,
    0.0,
    -0.025626091,
    0.07018803,
    -0.015011441,
    1.0
  ],
  [
    -0.012739188,
    -0.00043693185,
    0.99991894,
    0.0,
    -0.5043774,
    -0.8634566,
    -0.0068029165,
    0.0,
    0.86338985,
    -0.5044226,
    0.010779023,
    0.0,
    -0.00078484835,
    -0.014807198,
    0.03988401,
    1.0
  ],
  [
    -0.012739646,
    0.45747775,
    0.88913006,
    0.0,
    -0.5043772,
    -0.7707299,
    0.3893318,
    0.0,
    0.86339027,
    -0.44349647,
    0.2405596,
    0.0,
    -0.00078483904,
    -0.035765737,
    0.06328591,
    1.0
  ],
  [
    -0.01274022,
    0.57023185,
    0.8213852,
    0.0,
    -0.50437653,
    -0.71295536,
    0.48713365,
    0.0,
    0.86339045,
    -0.4080808,
    0.2966941,
    0.0,
    -0.00078478875,
    -0.056483522,
    0.071317375,
    1.0
  ],
  [
    -0.97296816,
    -0.1668691,
    -0.15965074,
    0.0,
    0.2205835,
    -0.8762052,
    -0.42849475,
    0.0,
    -0.06838387,
    -0.45212752,
    0.88932836,
    0.0,
    -0.02562612,
    0.07018803,
    -0.015011435,
    1.0
  ],
  [
    -0.43996432,
    -0.136457,
    -0.8875875,
    0.0,
    0.26729873,
    -0.96348715,
    0.015629277,
    0.0,
    -0.8573118,
    -0.23037402,
    0.460375,
    0.0,
    0.028616035,
    0.030867174,
    -0.033220213,
    1.0
  ],
  [
    0.42868766,
    0.091546774,
    0.89880276,
    0.0,
    -0.23216496,
    -0.9502812,
    0.20752242,
    0.0,
    0.87311316,
    -0.29763234,
    -0.38612026,
    0.0,
    -0.026950762,
    -0.014809225,
    0.039731752,
    1.0
  ],
  [
    0.4286876,
    0.37840745,
    0.8203872,
    0.0,
    -0.232165,
    -0.831422,
    0.504814,
    0.0,
    0.8731132,
    -0.40687224,
    -0.26856783,
    0.0,
    -0.026950749,
    -0.03265585,
    0.053217422,
    1.0
  ],
  [
    0.42868736,
    0.45375705,
    0.7812376,
    0.0,
    -0.2321651,
    -0.7803561,
    0.5806412,
    0.0,
    0.87311333,
    -0.43028924,
    -0.22918278,
    0.0,
    -0.02695077,
    -0.044856682,
    0.05768351,
    1.0
  ],
  [
    -0.97296816,
    -0.16686906,
    -0.15965071,
    0.0,
    0.22058344,
    -0.8762052,
    -0.42849466,
    0.0,
    -0.06838392,
    -0.45212737,
    0.8893283,
    0.0,
    -0.025626116,
    0.070188016,
    -0.015011433,
    1.0
  ],
  [
    0.19470696,
    0.022467375,
    0.9806044,
    0.0,
    -0.35908034,
    -0.92870414,
    0.09257698,
    0.0,
    0.9127712,
    -0.37014055,
    -0.172758,
    0.0,
    -0.014287304,
    -0.01517801,
    0.038255725,
    1.0
  ],
  [
    0.19470653,
    0.4102787,
    0.8909328,
    0.0,
    -0.3590796,
    -0.8154471,
    0.45399165,
    0.0,
    0.9127716,
    -0.40831053,
    -0.011450738,
    0.0,
    -0.014287282,
    -0.03412264,
    0.056464303,
    1.0
  ],
  [
    0.19470684,
    0.5535453,
    0.8097389,
    0.0,
    -0.35908008,
    -0.72800386,
    0.584014,
    0.0,
    0.9127714,
    -0.40447238,
    0.057019144,
    0.0,
    -0.014287298,
    -0.049607553,
    0.065689184,
    1.0
  ],
  [
    -0.972968,
    -0.1668691,
    -0.15965055,
    0.0,
    0.22058353,
    -0.87620515,
    -0.42849484,
    0.0,
    -0.06838381,
    -0.45212752,
    0.88932836,
    0.0,
    -0.025626102,
    0.07018803,
    -0.015011448,
    1.0
  ],
  [
    -0.9208399,
    0.34759283,
    -0.17672977,
    0.0,
    -0.068089336,
    -0.58958757,
    -0.8048296,
    0.0,
    -0.38395026,
    -0.72908556,
    0.5665835,
    0.0,
    0.008016634,
    0.024773587,
    0.044429667,
    1.0
  ],
  [
    -0.9208404,
    0.28370273,
    -0.26751915,
    0.0,
    -0.068089075,
    -0.79249513,
    -0.60606587,
    0.0,
    -0.38394976,
    -0.53987426,
    0.7490788,
    0.0,
    0.008016653,
    0.005022371,
    0.044831216,
    1.0
  ],
  [
    -0.92084014,
    0.28832537,
    -0.26253036,
    0.0,
    -0.06808898,
    -0.78180397,
    -0.6197958,
    0.0,
    -0.38394973,
    -0.552857,
    0.7395486,
    0.0,
    0.008016643,
    -0.022127837,
    0.044452056,
    1.0
  ],
  [
    1.0,
    0.0,
    0.0,
    0.0,
    0.0,
    1.0,
    0.0,
    0.0,
    0.0,
    0.0,
    1.0,
    0.0,
    0.0,
    0.0,
    0.0,
    1.0
  ],
  [
    1.0,
    0.0,
    0.0,
    0.0,
    0.0,
    1.0,
    0.0,
    0.0,
    0.0,
    0.0,
    1.0,
    0.0,
    0.0,
    0.0,
    0.0,
    1.0
  ],
  [
    1.0,
    0.0,
    0.0,
    0.0,
    0.0,
    1.0,
    0.0,
    0.0,
    0.0,
    0.0,
    1.0,
    0.0,
    0.0,
    0.0,
    0.0,
    1.0
  ],
  [
    1.0,
    0.0,
    0.0,
    0.0,
    0.0,
    1.0,
    0.0,
    0.0,
    0.0,
    0.0,
    1.0,
    0.0,
    0.0,
    0.0,
    0.0,
    1.0
  ],
  [
    1.0,
    0.0,
    0.0,
    0.0,
    0.0,
    1.0,
    0.0,
    0.0,
    0.0,
    0.0,
    1.0,
    0.0,
    0.0,
    0.0,
    0.0,
    1.0
  ],
  [
    1.0,
    0.0,
    0.0,
    0.0,
    0.0,
    1.0,
    0.0,
    0.0,
    0.0,
    0.0,
    1.0,
    0.0,
    0.0,
    0.0,
    0.0,
    1.0
  ],
  [
    1.0,
    0.0,
    0.0,
    0.0,
    0.0,
    1.0,
    0.0,
    0.0,
    0.0,
    0.0,
    1.0,
    0.0,
    0.0,
    0.0,
    0.0,
    1.0
  ],
  [
    1.0,
    0.0,
    0.0,
    0.0,
    0.0,
    1.0,
    0.0,
    0.0,
    0.0,
    0.0,
    1.0,
    0.0,
    0.0,
    0.0,
    0.0,
    1.0
  ],
  [
    1.0,
    0.0,
    0.0,
    0.0,
    0.0,
    1.0,
    0.0,
    0.0,
    0.0,
    0.0,
    1.0,
    0.0,
    0.0,
    0.0,
    0.0,
    1.0
  ],
  [
    1.0,
    0.0,
    0.0,
    0.0,
    0.0,
    1.0,
    0.0,
    0.0,
    0.0,
    0.0,
    1.0,
    0.0,
    0.0,
    0.0,
    0.0,
    1.0
  ],
  [
    1.0,
    0.0,
    0.0,
    0.0,
    0.0,
    1.0,
    0.0,
    0.0,
    0.0,
    0.0,
    1.0,
    0.0,
    0.0,
    0.0,
    0.0,
    1.0
  ],
  [
    1.0,
    0.0,
    0.0,
    0.0,
    0.0,
    1.0,
    0.0,
    0.0,
    0.0,
    0.0,
    1.0,
    0.0,
    0.0,
    0.0,
    0.0,
    1.0
  ],
  [
    1.0,
    0.0,
    0.0,
    0.0,
    0.0,
    1.0,
    0.0,
    0.0,
    0.0,
    0.0,
    1.0,
    0.0,
    0.0,
    0.0,
    0.0,
    1.0
  ],
  [
    1.0,
    0.0,
    0.0,
    0.0,
    0.0,
    1.0,
    0.0,
    0.0,
    0.0,
    0.0,
    1.0,
    0.0,
    0.0,
    0.0,
    0.0,
    1.0
  ],
  [
    1.0,
    0.0,
    0.0,
    0.0,
    0.0,
    1.0,
    0.0,
    0.0,
    0.0,
    0.0,
    1.0,
    0.0,
    0.0,
    0.0,
    0.0,
    1.0
  ],
  [
    1.0,
    0.0,
    0.0,
    0.0,
    0.0,
    1.0,
    0.0,
    0.0,
    0.0,
    0.0,
    1.0,
    0.0,
    0.0,
    0.0,
    0.0,
    1.0
  ],
  [
    1.0,
    0.0,
    0.0,
    0.0,
    0.0,
    1.0,
    0.0,
    0.0,
    0.0,
    0.0,
    1.0,
    0.0,
    0.0,
    0.0,
    0.0,
    1.0
  ],
  [
    1.0,
    0.0,
    0.0,
    0.0,
    0.0,
    1.0,
    0.0,
    0.0,
    0.0,
    0.0,
    1.0,
    0.0,
    0.0,
    0.0,
    0.0,
    1.0
  ],
  [
    1.0,
    0.0,
    0.0,
    0.0,
    0.0,
    1.0,
    0.0,
    0.0,
    0.0,
    0.0,
    1.0,
    0.0,
    0.0,
    0.0,
    0.0,
    1.0
  ],
  [
    1.0,
    0.0,
    0.0,
    0.0,
    0.0,
    1.0,
    0.0,
    0.0,
    0.0,
    0.0,
    1.0,
    0.0,
    0.0,
    0.0,
    0.0,
    1.0
  ],
  [
    1.0,
    0.0,
    0.0,
    0.0,
    0.0,
    1.0,
    0.0,
    0.0,
    0.0,
    0.0,
    1.0,
    0.0,
    0.0,
    0.0,
    0.0,
    1.0
  ],
  [
    1.0,
    0.0,
    0.0,
    0.0,
    0.0,
    1.0,
    0.0,
    0.0,
    0.0,
    0.0,
    1.0,
    0.0,
    0.0,
    0.0,
    0.0,
    1.0
  ],
  [
    1.0,
    0.0,
    0.0,
    0.0,
    0.0,
    1.0,
    0.0,
    0.0,
    0.0,
    0.0,
    1.0,
    0.0,
    0.0,
    0.0,
    0.0,
    1.0
  ],
  [
    1.0,
    0.0,
    0.0,
    0.0,
    0.0,
    1.0,
    0.0,
    0.0,
    0.0,
    0.0,
    1.0,
    0.0,
    0.0,
    0.0,
    0.0,
    1.0
  ],
  [
    1.0,
    0.0,
    0.0,
    0.0,
    0.0,
    1.0,
    0.0,
    0.0,
    0.0,
    0.0,
    1.0,
    0.0,
    0.0,
    0.0,
    0.0,
    1.0
  ],
  [
    1.0,
    0.0,
    0.0,
    0.0,
    0.0,
    1.0,
    0.0,
    0.0,
    0.0,
    0.0,
    1.0,
    0.0,
    0.0,
    0.0,
    0.0,
    1.0
  ],
  [
    1.0,
    0.0,
    0.0,
    0.0,
    0.0,
    1.0,
    0.0,
    0.0,
    0.0,
    0.0,
    1.0,
    0.0,
    0.0,
    0.0,
    0.0,
    1.0
  ],
  [
    1.0,
    0.0,
    0.0,
    0.0,
    0.0,
    1.0,
    0.0,
    0.0,
    0.0,
    0.0,
    1.0,
    0.0,
    0.0,
    0.0,
    0.0,
    1.0
  ],
  [
    1.0,
    0.0,
    0.0,
    0.0,
    0.0,
    1.0,
    0.0,
    0.0,
    0.0,
    0.0,
    1.0,
    0.0,
    0.0,
    0.0,
    0.0,
    1.0
  ],
  [
    1.0,
    0.0,
    0.0,
    0.0,
    0.0,
    1.0,
    0.0,
    0.0,
    0.0,
    0.0,
    1.0,
    0.0,
    0.0,
    0.0,
    0.0,
    1.0
  ],
  [
    1.0,
    0.0,
    0.0,
    0.0,
    0.0,
    1.0,
    0.0,
    0.0,
    0.0,
    0.0,
    1.0,
    0.0,
    0.0,
    0.0,
    0.0,
    1.0
  ],
  [
    1.0,
    0.0,
    0.0,
    0.0,
    0.0,
    1.0,
    0.0,
    0.0,
    0.0,
    0.0,
    1.0,
    0.0,
    0.0,
    0.0,
    0.0,
    1.0
  ],
  [
    1.0,
    0.0,
    0.0,
    0.0,
    0.0,
    1.0,
    0.0,
    0.0,
    0.0,
    0.0,
    1.0,
    0.0,
    0.0,
    0.0,
    0.0,
    1.0
  ],
  [
    1.0,
    0.0,
    0.0,
    0.0,
    0.0,
    1.0,
    0.0,
    0.0,
    0.0,
    0.0,
    1.0,
    0.0,
    0.0,
    0.0,
    0.0,
    1.0
  ],
  [
    1.0,
    0.0,
    0.0,
    0.0,
    0.0,
    1.0,
    0.0,
    0.0,
    0.0,
    0.0,
    1.0,
    0.0,
    0.0,
    0.0,
    0.0,
    1.0
  ],
  [
    1.0,
    0.0,
    0.0,
    0.0,
    0.0,
    1.0,
    0.0,
    0.0,
    0.0,
    0.0,
    1.0,
    0.0,
    0.0,
    0.0,
    0.0,
    1.0
  ],
  [
    1.0,
    0.0,
    0.0,
    0.0,
    0.0,
    1.0,
    0.0,
    0.0,
    0.0,
    0.0,
    1.0,
    0.0,
    0.0,
    0.0,
    0.0,
    1.0
  ],
  [
    1.0,
    0.0,
    0.0,
    0.0,
    0.0,
    1.0,
    0.0,
    0.0,
    0.0,
    0.0,
    1.0,
    0.0,
    0.0,
    0.0,
    0.0,
    1.0
  ],
  [
    1.0,
    0.0,
    0.0,
    0.0,
    0.0,
    1.0,
    0.0,
    0.0,
    0.0,
    0.0,
    1.0,
    0.0,
    0.0,
    0.0,
    0.0,
    1.0
  ]
]
