[
  [
    1.0,
    -5.9604645e-8,
    8.940697e-8,
    0.0,
    0.0,
    0.9999999,
    -8.940697e-8,
    0.0,
    -8.940697e-8,
    4.4703484e-8,
    0.9999998,
    0.0,
    3.7252903e-9,
    -3.7252903e-9,
    2.9802322e-8,
    1.0
  ],
  [
    0.35784987,
    -0.72344184,
    -0.5904025,
    0.0,
    -0.93104297,
    -0.2280639,
    -0.28486103,
    0.0,
    0.07143088,
    0.6516276,
    -0.7551682,
    0.0,
    0.046864852,
    -0.04838656,
    0.057631314,
    1.0
  ],
  [
    -0.24595216,
    -0.9495348,
    0.19465783,
    0.0,
    0.03030387,
    0.19319575,
    0.9806923,
    0.0,
    -0.9688082,
    0.2471021,
    -0.018742323,
    0.0,
    0.06361626,
    -0.04404164,
    -0.04326949,
    1.0
  ],
  [
    -0.24595208,
    -0.9495346,
    0.19465761,
    0.0,
    0.030303836,
    0.19319549,
    0.9806924,
    0.0,
    -0.96880835,
    0.24710235,
    -0.018742174,
    0.0,
    0.06361625,
    -0.044041645,
    -0.043269493,
    1.0
  ],
  [
    -0.15317076,
    -0.959023,
    -0.2383568,
    0.0,
    0.47360668,
    0.14045554,
    -0.8694647,
    0.0,
    0.86731505,
    -0.24606392,
    0.43268594,
    0.0,
    -0.040075354,
    0.016608763,
    0.005734196,
    1.0
  ],
  [
    0.12328996,
    -0.96332026,
    -0.23835677,
    0.0,
    0.41483235,
    0.2682259,
    -0.8694649,
    0.0,
    0.9015065,
    0.008318378,
    0.4326858,
    0.0,
    -0.011864047,
    0.013825783,
    0.005734195,
    1.0
  ],
  [
    0.10647011,
    -0.96532404,
    -0.23835677,
    0.0,
    0.41944733,
    0.2609501,
    -0.8694649,
    0.0,
    0.9015145,
    -0.007405907,
    0.4326858,
    0.0,
    0.014746416,
    0.013570658,
    0.005734194,
    1.0
  ],
  [
    -0.24595222,
    -0.94953465,
    0.19465753,
    0.0,
    0.030303933,
    0.19319583,
    0.98069227,
    0.0,
    -0.96880835,
    0.24710228,
    -0.018742248,
    0.0,
    0.063616246,
    -0.044041652,
    -0.043269496,
    1.0
  ],
  [
    0.059301995,
    -0.26067194,
    0.96360433,
    0.0,
    0.23221222,
    -0.9352202,
    -0.26728427,
    0.0,
    0.9708557,
    0.23961124,
    0.0050706863,
    0.0,
    0.009130221,
    0.052181095,
    0.018236425,
    1.0
  ],
  [
    0.15058748,
    -0.22088458,
    0.96360433,
    0.0,
    0.55837023,
    -0.78535426,
    -0.2672842,
    0.0,
    0.81581,
    0.57829785,
    0.005070746,
    0.0,
    0.028090227,
    0.06711776,
    0.01823642,
    1.0
  ],
  [
    0.17579864,
    -0.20139867,
    0.96360433,
    0.0,
    0.6478453,
    -0.71334076,
    -0.2672842,
    0.0,
    0.7412092,
    0.671255,
    0.005070746,
    0.0,
    0.041900672,
    0.07261893,
    0.018236417,
    1.0
  ],
  [
    -0.24595211,
    -0.9495347,
    0.19465765,
    0.0,
    0.03030401,
    0.19319575,
    0.9806924,
    0.0,
    -0.9688083,
    0.2471025,
    -0.018742222,
    0.0,
    0.06361625,
    -0.04404165,
    -0.04326949,
    1.0
  ],
  [
    0.19788924,
    -0.009334542,
    0.98017997,
    0.0,
    0.13787541,
    -0.9897487,
    -0.037261575,
    0.0,
    0.97047937,
    0.1425164,
    -0.19457386,
    0.0,
    0.016253974,
    0.06244935,
    0.026975423,
    1.0
  ],
  [
    0.18019833,
    0.082315534,
    0.98017985,
    0.0,
    0.57578,
    -0.81675524,
    -0.037261486,
    0.0,
    0.7974998,
    0.5710824,
    -0.19457364,
    0.0,
    0.026719237,
    0.08400897,
    0.026975425,
    1.0
  ],
  [
    0.16783385,
    0.10525723,
    0.98017985,
    0.0,
    0.6780102,
    -0.7341075,
    -0.037261486,
    0.0,
    0.71563536,
    0.6708257,
    -0.19457364,
    0.0,
    0.04479505,
    0.090673625,
    0.026975425,
    1.0
  ],
  [
    -0.24595219,
    -0.9495345,
    0.19465765,
    0.0,
    0.030303912,
    0.19319554,
    0.980692,
    0.0,
    -0.96880805,
    0.24710234,
    -0.0187423,
    0.0,
    0.06361625,
    -0.044041634,
    -0.04326948,
    1.0
  ],
  [
    0.34147415,
    0.19374299,
    0.9197062,
    0.0,
    0.15530705,
    -0.97670394,
    0.14808652,
    0.0,
    0.926971,
    0.09226915,
    -0.36360884,
    0.0,
    0.019939523,
    0.065772094,
    0.03471782,
    1.0
  ],
  [
    0.23636964,
    0.31348085,
    0.919706,
    0.0,
    0.53062975,
    -0.83456737,
    0.1480865,
    0.0,
    0.81397897,
    0.45302027,
    -0.36360884,
    0.0,
    0.027557954,
    0.083607,
    0.03471781,
    1.0
  ],
  [
    0.18059479,
    0.34860632,
    0.919706,
    0.0,
    0.6627702,
    -0.73403424,
    0.1480865,
    0.0,
    0.7267196,
    0.58281016,
    -0.36360884,
    0.0,
    0.038594604,
    0.09135109,
    0.03471781,
    1.0
  ],
  [
    -0.24595217,
    -0.94953465,
    0.19465765,
    0.0,
    0.030303948,
    0.19319546,
    0.980692,
    0.0,
    -0.96880823,
    0.24710229,
    -0.018742248,
    0.0,
    0.06361626,
    -0.044041634,
    -0.04326949,
    1.0
  ],
  [
    -0.46947464,
    -0.33617368,
    0.81644404,
    0.0,
    0.011044969,
    0.9223735,
    0.38614148,
    0.0,
    -0.882877,
    0.19030125,
    -0.42931798,
    0.0,
    0.018944558,
    -0.063282624,
    0.04091756,
    1.0
  ],
  [
    0.40973735,
    0.42924,
    0.80490243,
    0.0,
    0.21940804,
    -0.9028419,
    0.36977917,
    0.0,
    0.8854237,
    0.025089681,
    -0.46410686,
    0.0,
    0.01986669,
    0.07163645,
    0.03934983,
    1.0
  ],
  [
    0.2481761,
    0.53901756,
    0.80490255,
    0.0,
    0.50065243,
    -0.78269446,
    0.36977905,
    0.0,
    0.82931036,
    0.3112062,
    -0.46410668,
    0.0,
    0.027080705,
    0.08503568,
    0.039349835,
    1.0
  ],
  [
    0.19647473,
    0.5599366,
    0.80490255,
    0.0,
    0.57192373,
    -0.7322341,
    0.36977905,
    0.0,
    0.7964301,
    0.38769072,
    -0.46410668,
    0.0,
    0.036318876,
    0.088837825,
    0.03934983,
    1.0
  ],
  [
    -0.24595207,
    -0.94953465,
    0.19465792,
    0.0,
    0.030304149,
    0.1931956,
    0.9806924,
    0.0,
    -0.9688084,
    0.24710196,
    -0.018741995,
    0.0,
    0.06361625,
    -0.04404164,
    -0.043269493,
    1.0
  ]
]