[
  [
    1.0000001,
    -2.0861626e-7,
    0.0,
    0.0,
    -1.3411045e-7,
    1.0000001,
    1.4901161e-8,
    0.0,
    -1.7881393e-7,
    -1.3411045e-7,
    1.0000004,
    0.0,
    -7.450581e-9,
    3.7252903e-9,
    -1.4901161e-8,
    1.0
  ],
  [
    0.35504812,
    0.7148981,
    0.6023801,
    0.0,
    0.931192,
    -0.21351893,
    -0.29545072,
    0.0,
    -0.08259766,
    0.6658307,
    -0.7415168,
    0.0,
    -0.04601756,
    -0.049964927,
    0.05695455,
    1.0
  ],
  [
    -0.25976375,
    -0.94508004,
    0.19835904,
    0.0,
    -0.014442917,
    -0.20158502,
    -0.9793645,
    0.0,
    0.965564,
    -0.25726834,
    0.03871482,
    0.0,
    -0.0639123,
    0.04510099,
    0.04170193,
    1.0
  ],
  [
    0.35542795,
    0.19107395,
    0.91496545,
    0.0,
    -0.16999444,
    0.9757718,
    -0.13773613,
    0.0,
    -0.9191153,
    -0.106583744,
    0.37929806,
    0.0,
    -0.020034324,
    -0.06464819,
    -0.036265507,
    1.0
  ],
  [
    0.25023508,
    0.3165764,
    0.91496545,
    0.0,
    -0.5437375,
    0.8278759,
    -0.13773604,
    0.0,
    -0.80108184,
    -0.46303457,
    0.37929803,
    0.0,
    -0.028091503,
    -0.0826133,
    -0.036265627,
    1.0
  ],
  [
    0.19374697,
    0.35397783,
    0.91496545,
    0.0,
    -0.6745738,
    0.7252442,
    -0.13773604,
    0.0,
    -0.7123289,
    -0.5905257,
    0.37929803,
    0.0,
    -0.039286934,
    -0.0904609,
    -0.03626537,
    1.0
  ],
  [
    -0.25976384,
    -0.94508016,
    0.19835901,
    0.0,
    -0.014442898,
    -0.20158517,
    -0.9793645,
    0.0,
    0.96556413,
    -0.25726834,
    0.038714815,
    0.0,
    -0.0639123,
    0.045100998,
    0.04170194,
    1.0
  ],
  [
    0.21241531,
    -0.011309706,
    0.9771141,
    0.0,
    -0.15394616,
    0.98705876,
    0.04489129,
    0.0,
    -0.9649768,
    -0.15995854,
    0.2079253,
    0.0,
    -0.016122825,
    -0.06102746,
    -0.028251078,
    1.0
  ],
  [
    0.19401628,
    0.08721119,
    0.9771142,
    0.0,
    -0.5888356,
    0.8070054,
    0.04489127,
    0.0,
    -0.78462124,
    -0.58406913,
    0.20792514,
    0.0,
    -0.027253367,
    -0.082684666,
    -0.028251119,
    1.0
  ],
  [
    0.1808896,
    0.11192435,
    0.9771142,
    0.0,
    -0.68967307,
    0.72272825,
    0.04489127,
    0.0,
    -0.70116353,
    -0.6820096,
    0.20792514,
    0.0,
    -0.045498066,
    -0.0894307,
    -0.028251184,
    1.0
  ],
  [
    -0.2597639,
    -0.9450802,
    0.19835901,
    0.0,
    -0.0144428685,
    -0.20158538,
    -0.97936463,
    0.0,
    0.9655643,
    -0.25726834,
    0.038714867,
    0.0,
    -0.06391229,
    0.04510101,
    0.041701943,
    1.0
  ],
  [
    0.07423324,
    -0.2609976,
    0.962481,
    0.0,
    -0.24887335,
    0.929757,
    0.27131853,
    0.0,
    -0.965687,
    -0.25967672,
    0.0040634866,
    0.0,
    -0.008953225,
    -0.050465725,
    -0.019067867,
    1.0
  ],
  [
    0.164602,
    -0.21572311,
    0.9624811,
    0.0,
    -0.5718765,
    0.7741728,
    0.2713186,
    0.0,
    -0.8036563,
    -0.5950798,
    0.004063427,
    0.0,
    -0.02855355,
    -0.06545646,
    -0.01906826,
    1.0
  ],
  [
    0.18909949,
    -0.19460642,
    0.9624811,
    0.0,
    -0.6599253,
    0.70063174,
    0.2713186,
    0.0,
    -0.7271451,
    -0.6864717,
    0.004063427,
    0.0,
    -0.04255831,
    -0.07102433,
    -0.019068293,
    1.0
  ],
  [
    -0.25976357,
    -0.9450801,
    0.1983589,
    0.0,
    -0.014442913,
    -0.201585,
    -0.9793644,
    0.0,
    0.9655641,
    -0.25726822,
    0.038714737,
    0.0,
    -0.063912295,
    0.045100987,
    0.04170192,
    1.0
  ],
  [
    -0.4821011,
    -0.32963747,
    0.81173736,
    0.0,
    0.0023459475,
    -0.927001,
    -0.3750514,
    0.0,
    0.8761125,
    -0.17890847,
    0.44768143,
    0.0,
    -0.018884815,
    0.06257053,
    -0.042695794,
    1.0
  ],
  [
    0.42334557,
    0.42587715,
    0.79962933,
    0.0,
    -0.23306432,
    0.9041133,
    -0.35813406,
    0.0,
    -0.87547666,
    -0.03475052,
    0.48200917,
    0.0,
    -0.020155706,
    -0.07094219,
    -0.041110527,
    1.0
  ],
  [
    0.26213914,
    0.5402555,
    0.7996292,
    0.0,
    -0.51398176,
    0.779463,
    -0.358134,
    0.0,
    -0.81676537,
    -0.3171139,
    0.48200926,
    0.0,
    -0.027579237,
    -0.08447322,
    -0.04111022,
    1.0
  ],
  [
    0.2102599,
    0.5624799,
    0.7996292,
    0.0,
    -0.5848908,
    0.7277655,
    -0.358134,
    0.0,
    -0.7833859,
    -0.39239457,
    0.48200926,
    0.0,
    -0.03686824,
    -0.08832421,
    -0.04111103,
    1.0
  ],
  [
    -0.2597639,
    -0.9450802,
    0.19835916,
    0.0,
    -0.014442891,
    -0.20158517,
    -0.9793645,
    0.0,
    0.96556425,
    -0.2572683,
    0.038714886,
    0.0,
    -0.0639123,
    0.045100994,
    0.041701928,
    1.0
  ],
  [
    -0.13872524,
    -0.9618896,
    -0.2356345,
    0.0,
    -0.48933932,
    -0.14028192,
    0.860737,
    0.0,
    -0.8609893,
    0.23471113,
    -0.4512298,
    0.0,
    0.040131595,
    -0.015753202,
    -0.004022431,
    1.0
  ],
  [
    0.13795806,
    -0.962,
    -0.23563443,
    0.0,
    -0.42997637,
    -0.27249283,
    0.8607371,
    0.0,
    -0.8922375,
    -0.017428445,
    -0.45122975,
    0.0,
    0.0116802,
    -0.012990914,
    -0.0040227068,
    1.0
  ],
  [
    0.12115901,
    -0.9642598,
    -0.23563443,
    0.0,
    -0.4346635,
    -0.2649522,
    0.8607371,
    0.0,
    -0.89240575,
    -0.001864433,
    -0.45122975,
    0.0,
    -0.0149191655,
    -0.012729509,
    -0.0040224614,
    1.0
  ],
  [
    -0.25976378,
    -0.94508,
    0.19835906,
    0.0,
    -0.01444289,
    -0.20158517,
    -0.9793644,
    0.0,
    0.96556425,
    -0.2572683,
    0.038714774,
    0.0,
    -0.0639123,
    0.045100998,
    0.041701924,
    1.0
  ],
  [
    -0.2950911,
    -0.94855213,
    0.11476125,
    0.0,
    -0.056880653,
    -0.102456756,
    -0.99310994,
    0.0,
    0.9537746,
    -0.29958564,
    -0.023720026,
    0.0,
    -0.0618576,
    0.042336985,
    0.044086948,
    1.0
  ]
]