[
  [
    1.0000001,
    2.7939677e-8,
    0.0,
    0.0,
    1.3038516e-8,
    1.0,
    -4.8428774e-8,
    0.0,
    2.9802322e-8,
    -2.7939677e-8,
    1.0,
    0.0,
    -8.381903e-9,
    0.0,
    7.450581e-9,
    1.0
  ],
  [
    0.93211967,
    0.16753325,
    -0.32106912,
    0.0,
    -0.18576226,
    0.98223025,
    -0.026774436,
    0.0,
    0.3108777,
    0.08459911,
    0.94667745,
    0.0,
    -0.016161839,
    -0.065897726,
    -0.03470536,
    1.0
  ],
  [
    0.9708615,
    0.23612122,
    -0.040916473,
    0.0,
    0.22913323,
    -0.86466014,
    0.44705757,
    0.0,
    0.070180506,
    -0.44340634,
    -0.8935682,
    0.0,
    -0.024761105,
    0.06863557,
    0.012453591,
    1.0
  ],
  [
    0.97203577,
    0.17517507,
    -0.15639505,
    0.0,
    0.22654295,
    -0.874886,
    0.4280799,
    0.0,
    -0.06183949,
    -0.45153922,
    -0.89010483,
    0.0,
    -0.025629172,
    0.07018911,
    0.014993451,
    1.0
  ],
  [
    0.9720357,
    0.17517474,
    -0.15639505,
    0.0,
    0.22654274,
    -0.874886,
    0.42807984,
    0.0,
    -0.061839655,
    -0.45153928,
    -0.8901046,
    0.0,
    -0.025629178,
    0.07018911,
    0.014993457,
    1.0
  ],
  [
    0.26733217,
    -0.08453554,
    0.9598888,
    0.0,
    -0.6150743,
    -0.781785,
    0.10245001,
    0.0,
    0.7417654,
    -0.617791,
    -0.26099235,
    0.0,
    0.012765776,
    -0.013433579,
    -0.037399087,
    1.0
  ],
  [
    0.2673321,
    -0.4299675,
    0.8623578,
    0.0,
    -0.6150748,
    -0.7650421,
    -0.19077218,
    0.0,
    0.74176514,
    -0.47941482,
    -0.4689828,
    0.0,
    0.012765358,
    -0.037505195,
    -0.05493605,
    1.0
  ],
  [
    0.26733223,
    -0.5295166,
    0.8050747,
    0.0,
    -0.6150747,
    -0.7369096,
    -0.2804416,
    0.0,
    0.74176496,
    -0.42020977,
    -0.5226923,
    0.0,
    0.012765311,
    -0.05269813,
    -0.061643742,
    1.0
  ],
  [
    0.9720358,
    0.17517504,
    -0.15639512,
    0.0,
    0.226543,
    -0.8748861,
    0.42807996,
    0.0,
    -0.061839554,
    -0.4515393,
    -0.89010483,
    0.0,
    -0.02562918,
    0.07018911,
    0.014993452,
    1.0
  ],
  [
    0.010123144,
    0.009016335,
    0.99990773,
    0.0,
    -0.50483924,
    -0.8631169,
    0.012893885,
    0.0,
    0.86315334,
    -0.5049231,
    -0.004186347,
    0.0,
    -0.0007661261,
    -0.014806859,
    -0.03988414,
    1.0
  ],
  [
    0.010123184,
    -0.449845,
    0.893049,
    0.0,
    -0.5048399,
    -0.77321714,
    -0.38376072,
    0.0,
    0.86315316,
    -0.44696155,
    -0.23492755,
    0.0,
    -0.0007661987,
    -0.03576512,
    -0.063285634,
    1.0
  ],
  [
    0.010122989,
    -0.56318,
    0.8262721,
    0.0,
    -0.5048402,
    -0.7161515,
    -0.4819376,
    0.0,
    0.86315304,
    -0.4122563,
    -0.29156587,
    0.0,
    -0.0007662716,
    -0.056482635,
    -0.07131685,
    1.0
  ],
  [
    0.9720359,
    0.17517504,
    -0.15639478,
    0.0,
    0.22654285,
    -0.8748861,
    0.42808,
    0.0,
    -0.061839193,
    -0.45153925,
    -0.89010495,
    -0.0,
    -0.025629178,
    0.07018909,
    0.01499345,
    1.0
  ],
  [
    0.44396552,
    0.14383382,
    -0.8844242,
    0.0,
    0.27051485,
    -0.9624925,
    -0.020736247,
    0.0,
    -0.854234,
    -0.23004368,
    -0.4662221,
    0.0,
    0.028601233,
    0.030869044,
    0.03321206,
    1.0
  ],
  [
    -0.4330072,
    -0.083797336,
    0.89748645,
    0.0,
    -0.23532403,
    -0.9506311,
    -0.20229527,
    0.0,
    0.87013024,
    -0.29879546,
    0.39190984,
    0.0,
    -0.026934646,
    -0.014804121,
    -0.039723545,
    1.0
  ],
  [
    -0.43300775,
    -0.3706495,
    0.8216587,
    0.0,
    -0.23532481,
    -0.8334507,
    -0.499983,
    0.0,
    0.8701303,
    -0.4098528,
    0.27366674,
    0.0,
    -0.026934382,
    -0.0326535,
    -0.053208344,
    1.0
  ],
  [
    -0.4330076,
    -0.44615325,
    0.7832312,
    0.0,
    -0.23532468,
    -0.7828287,
    -0.5760225,
    0.0,
    0.87013024,
    -0.4337354,
    0.23397918,
    0.0,
    -0.026935177,
    -0.044855367,
    -0.05767382,
    1.0
  ],
  [
    0.97203565,
    0.17517507,
    -0.15639499,
    0.0,
    0.22654292,
    -0.87488604,
    0.42807993,
    0.0,
    -0.0618394,
    -0.45153916,
    -0.89010483,
    0.0,
    -0.025629174,
    0.07018909,
    0.014993446,
    1.0
  ],
  [
    -0.198525,
    -0.014374733,
    0.9799902,
    0.0,
    -0.3608386,
    -0.9285881,
    -0.08671883,
    0.0,
    0.9112533,
    -0.3708341,
    0.17916028,
    0.0,
    -0.014269713,
    -0.015174553,
    -0.038251914,
    1.0
  ],
  [
    -0.19852455,
    -0.4026072,
    0.89358515,
    0.0,
    -0.360839,
    -0.8176681,
    -0.44856894,
    0.0,
    0.9112529,
    -0.41149208,
    0.017050155,
    0.0,
    -0.014269864,
    -0.03412095,
    -0.056459375,
    1.0
  ],
  [
    -0.19852483,
    -0.54642504,
    0.81363815,
    0.0,
    -0.3608393,
    -0.73110175,
    -0.5790386,
    0.0,
    0.91125315,
    -0.40854567,
    -0.05203037,
    0.0,
    -0.014269631,
    -0.049606875,
    -0.065684274,
    1.0
  ],
  [
    0.97203565,
    0.17517501,
    -0.15639508,
    0.0,
    0.22654292,
    -0.87488604,
    0.42807987,
    0.0,
    -0.061839547,
    -0.4515392,
    -0.8901049,
    -0.0,
    -0.025629178,
    0.07018911,
    0.014993448,
    1.0
  ],
  [
    0.9237469,
    -0.3391849,
    -0.17789036,
    0.0,
    -0.06223998,
    -0.591228,
    0.8040994,
    0.0,
    -0.37791258,
    -0.7317119,
    -0.5672553,
    -0.0,
    0.008011169,
    0.024768371,
    -0.044447422,
    1.0
  ],
  [
    0.92374665,
    -0.2753097,
    -0.26626363,
    0.0,
    -0.062240355,
    -0.793863,
    0.6049034,
    0.0,
    -0.37791294,
    -0.54220486,
    -0.75046307,
    -0.0,
    0.008010888,
    0.0050256085,
    -0.04485163,
    1.0
  ],
  [
    0.92374647,
    -0.27991173,
    -0.2614214,
    0.0,
    -0.062240392,
    -0.78319204,
    0.6186571,
    0.0,
    -0.37791285,
    -0.555211,
    -0.7408923,
    -0.0,
    0.008011144,
    -0.02212844,
    -0.04446932,
    1.0
  ],
  [
    1.0,
    0.0,
    0.0,
    0.0,
    0.0,
    1.0,
    0.0,
    0.0,
    0.0,
    0.0,
    1.0,
    0.0,
    0.0,
    0.0,
    0.0,
    1.0
  ],
  [
    1.0,
    0.0,
    0.0,
    0.0,
    0.0,
    1.0,
    0.0,
    0.0,
    0.0,
    0.0,
    1.0,
    0.0,
    0.0,
    0.0,
    0.0,
    1.0
  ],
  [
    1.0,
    0.0,
    0.0,
    0.0,
    0.0,
    1.0,
    0.0,
    0.0,
    0.0,
    0.0,
    1.0,
    0.0,
    0.0,
    0.0,
    0.0,
    1.0
  ],
  [
    1.0,
    0.0,
    0.0,
    0.0,
    0.0,
    1.0,
    0.0,
    0.0,
    0.0,
    0.0,
    1.0,
    0.0,
    0.0,
    0.0,
    0.0,
    1.0
  ],
  [
    1.0,
    0.0,
    0.0,
    0.0,
    0.0,
    1.0,
    0.0,
    0.0,
    0.0,
    0.0,
    1.0,
    0.0,
    0.0,
    0.0,
    0.0,
    1.0
  ],
  [
    1.0,
    0.0,
    0.0,
    0.0,
    0.0,
    1.0,
    0.0,
    0.0,
    0.0,
    0.0,
    1.0,
    0.0,
    0.0,
    0.0,
    0.0,
    1.0
  ],
  [
    1.0,
    0.0,
    0.0,
    0.0,
    0.0,
    1.0,
    0.0,
    0.0,
    0.0,
    0.0,
    1.0,
    0.0,
    0.0,
    0.0,
    0.0,
    1.0
  ],
  [
    1.0,
    0.0,
    0.0,
    0.0,
    0.0,
    1.0,
    0.0,
    0.0,
    0.0,
    0.0,
    1.0,
    0.0,
    0.0,
    0.0,
    0.0,
    1.0
  ],
  [
    1.0,
    0.0,
    0.0,
    0.0,
    0.0,
    1.0,
    0.0,
    0.0,
    0.0,
    0.0,
    1.0,
    0.0,
    0.0,
    0.0,
    0.0,
    1.0
  ],
  [
    1.0,
    0.0,
    0.0,
    0.0,
    0.0,
    1.0,
    0.0,
    0.0,
    0.0,
    0.0,
    1.0,
    0.0,
    0.0,
    0.0,
    0.0,
    1.0
  ],
  [
    1.0,
    0.0,
    0.0,
    0.0,
    0.0,
    1.0,
    0.0,
    0.0,
    0.0,
    0.0,
    1.0,
    0.0,
    0.0,
    0.0,
    0.0,
    1.0
  ],
  [
    1.0,
    0.0,
    0.0,
    0.0,
    0.0,
    1.0,
    0.0,
    0.0,
    0.0,
    0.0,
    1.0,
    0.0,
    0.0,
    0.0,
    0.0,
    1.0
  ],
  [
    1.0,
    0.0,
    0.0,
    0.0,
    0.0,
    1.0,
    0.0,
    0.0,
    0.0,
    0.0,
    1.0,
    0.0,
    0.0,
    0.0,
    0.0,
    1.0
  ],
  [
    1.0,
    0.0,
    0.0,
    0.0,
    0.0,
    1.0,
    0.0,
    0.0,
    0.0,
    0.0,
    1.0,
    0.0,
    0.0,
    0.0,
    0.0,
    1.0
  ],
  [
    1.0,
    0.0,
    0.0,
    0.0,
    0.0,
    1.0,
    0.0,
    0.0,
    0.0,
    0.0,
    1.0,
    0.0,
    0.0,
    0.0,
    0.0,
    1.0
  ],
  [
    1.0,
    0.0,
    0.0,
    0.0,
    0.0,
    1.0,
    0.0,
    0.0,
    0.0,
    0.0,
    1.0,
    0.0,
    0.0,
    0.0,
    0.0,
    1.0
  ],
  [
    1.0,
    0.0,
    0.0,
    0.0,
    0.0,
    1.0,
    0.0,
    0.0,
    0.0,
    0.0,
    1.0,
    0.0,
    0.0,
    0.0,
    0.0,
    1.0
  ],
  [
    1.0,
    0.0,
    0.0,
    0.0,
    0.0,
    1.0,
    0.0,
    0.0,
    0.0,
    0.0,
    1.0,
    0.0,
    0.0,
    0.0,
    0.0,
    1.0
  ],
  [
    1.0,
    0.0,
    0.0,
    0.0,
    0.0,
    1.0,
    0.0,
    0.0,
    0.0,
    0.0,
    1.0,
    0.0,
    0.0,
    0.0,
    0.0,
    1.0
  ],
  [
    1.0,
    0.0,
    0.0,
    0.0,
    0.0,
    1.0,
    0.0,
    0.0,
    0.0,
    0.0,
    1.0,
    0.0,
    0.0,
    0.0,
    0.0,
    1.0
  ],
  [
    1.0,
    0.0,
    0.0,
    0.0,
    0.0,
    1.0,
    0.0,
    0.0,
    0.0,
    0.0,
    1.0,
    0.0,
    0.0,
    0.0,
    0.0,
    1.0
  ],
  [
    1.0,
    0.0,
    0.0,
    0.0,
    0.0,
    1.0,
    0.0,
    0.0,
    0.0,
    0.0,
    1.0,
    0.0,
    0.0,
    0.0,
    0.0,
    1.0
  ],
  [
    1.0,
    0.0,
    0.0,
    0.0,
    0.0,
    1.0,
    0.0,
    0.0,
    0.0,
    0.0,
    1.0,
    0.0,
    0.0,
    0.0,
    0.0,
    1.0
  ],
  [
    1.0,
    0.0,
    0.0,
    0.0,
    0.0,
    1.0,
    0.0,
    0.0,
    0.0,
    0.0,
    1.0,
    0.0,
    0.0,
    0.0,
    0.0,
    1.0
  ],
  [
    1.0,
    0.0,
    0.0,
    0.0,
    0.0,
    1.0,
    0.0,
    0.0,
    0.0,
    0.0,
    1.0,
    0.0,
    0.0,
    0.0,
    0.0,
    1.0
  ],
  [
    1.0,
    0.0,
    0.0,
    0.0,
    0.0,
    1.0,
    0.0,
    0.0,
    0.0,
    0.0,
    1.0,
    0.0,
    0.0,
    0.0,
    0.0,
    1.0
  ],
  [
    1.0,
    0.0,
    0.0,
    0.0,
    0.0,
    1.0,
    0.0,
    0.0,
    0.0,
    0.0,
    1.0,
    0.0,
    0.0,
    0.0,
    0.0,
    1.0
  ],
  [
    1.0,
    0.0,
    0.0,
    0.0,
    0.0,
    1.0,
    0.0,
    0.0,
    0.0,
    0.0,
    1.0,
    0.0,
    0.0,
    0.0,
    0.0,
    1.0
  ],
  [
    1.0,
    0.0,
    0.0,
    0.0,
    0.0,
    1.0,
    0.0,
    0.0,
    0.0,
    0.0,
    1.0,
    0.0,
    0.0,
    0.0,
    0.0,
    1.0
  ],
  [
    1.0,
    0.0,
    0.0,
    0.0,
    0.0,
    1.0,
    0.0,
    0.0,
    0.0,
    0.0,
    1.0,
    0.0,
    0.0,
    0.0,
    0.0,
    1.0
  ],
  [
    1.0,
    0.0,
    0.0,
    0.0,
    0.0,
    1.0,
    0.0,
    0.0,
    0.0,
    0.0,
    1.0,
    0.0,
    0.0,
    0.0,
    0.0,
    1.0
  ],
  [
    1.0,
    0.0,
    0.0,
    0.0,
    0.0,
    1.0,
    0.0,
    0.0,
    0.0,
    0.0,
    1.0,
    0.0,
    0.0,
    0.0,
    0.0,
    1.0
  ],
  [
    1.0,
    0.0,
    0.0,
    0.0,
    0.0,
    1.0,
    0.0,
    0.0,
    0.0,
    0.0,
    1.0,
    0.0,
    0.0,
    0.0,
    0.0,
    1.0
  ],
  [
    1.0,
    0.0,
    0.0,
    0.0,
    0.0,
    1.0,
    0.0,
    0.0,
    0.0,
    0.0,
    1.0,
    0.0,
    0.0,
    0.0,
    0.0,
    1.0
  ],
  [
    1.0,
    0.0,
    0.0,
    0.0,
    0.0,
    1.0,
    0.0,
    0.0,
    0.0,
    0.0,
    1.0,
    0.0,
    0.0,
    0.0,
    0.0,
    1.0
  ],
  [
    1.0,
    0.0,
    0.0,
    0.0,
    0.0,
    1.0,
    0.0,
    0.0,
    0.0,
    0.0,
    1.0,
    0.0,
    0.0,
    0.0,
    0.0,
    1.0
  ],
  [
    1.0,
    0.0,
    0.0,
    0.0,
    0.0,
    1.0,
    0.0,
    0.0,
    0.0,
    0.0,
    1.0,
    0.0,
    0.0,
    0.0,
    0.0,
    1.0
  ],
  [
    1.0,
    0.0,
    0.0,
    0.0,
    0.0,
    1.0,
    0.0,
    0.0,
    0.0,
    0.0,
    1.0,
    0.0,
    0.0,
    0.0,
    0.0,
    1.0
  ],
  [
    1.0,
    0.0,
    0.0,
    0.0,
    0.0,
    1.0,
    0.0,
    0.0,
    0.0,
    0.0,
    1.0,
    0.0,
    0.0,
    0.0,
    0.0,
    1.0
  ]
]
